ncpu        =          1
ndim        =          3
levelmin    =          5
levelmax    =         10
ngridmax    =   10000000
nstep_coarse=          0

boxlen      =  0.180000000000000E+18
time        =  0.000000000000000E+00
aexp        =  0.100000000000000E+01
H0          =  0.100000000000000E+01
omega_m     =  0.100000000000000E+01
omega_l     =  0.000000000000000E+00
omega_k     =  0.000000000000000E+00
omega_b     =  0.000000000000000E+00
unit_l      =  0.100000000000000E+01
unit_d      =  0.100000000000000E+01
unit_t      =  0.100000000000000E+01

ordering type=hilbert                                                                         
   DOMAIN   ind_min                 ind_max
       1   0.000000000000000E+00   0.858993459200000E+10
